0 75 4110 3048 2267 974 4190 3302 4758 3044 3095 3986 5093 6406 5903 8436 6963 6694 6576 8009 7398 7266 7425 9639 9229 8320 9301 8102 7799
75 0 4070 2999 2214 901 4137 3239 4701 2970 3021 3914 5024 6337 5829 8368 6890 6620 6501 7938 7324 7192 7351 9570 9159 8248 9230 8029 7724
4110 4070 0 1172 1973 3496 891 1815 1415 3673 3777 2996 2876 3904 5056 5441 4990 5150 5316 5595 5726 5810 5857 6675 6465 6060 6522 6164 6163
3048 2999 1172 0 817 2350 1172 995 1797 2648 2755 2315 2720 3972 4547 5802 4883 4886 4959 5695 5536 5545 5634 7044 6740 6110 6804 6090 5976
2267 2214 1973 817 0 1533 1924 1188 2497 2208 2312 2324 3088 4400 4557 6341 5174 5071 5074 6094 5754 5711 5827 7572 7220 6471 7288 6373 6186
974 901 3496 2350 1533 0 3417 2410 3935 2114 2175 3014 4141 5449 4955 7490 5989 5724 5615 7039 6429 6302 6458 8685 8267 7347 8338 7130 6832
4190 4137 891 1172 1924 3417 0 1233 651 3086 3184 2202 1987 3064 4180 4734 4116 4261 4425 4775 4843 4921 4971 5977 5719 5227 5780 5301 5281
3302 3239 1815 995 1188 2410 1233 0 1586 1877 1979 1321 1900 3213 3556 5175 4005 3946 3992 4906 4615 4599 4700 6400 6037 5287 6105 5209 5051
4758 4701 1415 1797 2497 3935 651 1586 0 3285 3374 2177 1576 2491 3884 4088 3600 3818 4029 4180 4356 4468 4497 5330 5083 4645 5143 4761 4787
3044 2970 3673 2648 2208 2114 3086 1877 3285 0 107 1360 2674 3822 2864 5889 4089 3722 3560 5217 4421 4256 4428 7000 6513 5455 6587 5156 4801
3095 3021 3777 2755 2312 2175 3184 1979 3374 107 0 1412 2724 3851 2824 5915 4087 3704 3530 5221 4401 4227 4402 7016 6523 5450 6597 5140 4776
3986 3914 2996 2315 2324 3014 2202 1321 2177 1360 1412 0 1314 2510 2250 4583 2980 2777 2753 4031 3474 3402 3530 5733 5282 4334 5354 4142 3897
5093 5024 2876 2720 3088 4141 1987 1900 1576 2674 2724 1314 0 1322 2330 3350 2171 2274 2458 3007 2866 2934 2987 4547 4153 3399 4222 3375 3306
6406 6337 3904 3972 4400 5449 3064 3213 2491 3822 3851 2510 1322 0 2350 2073 1203 1670 2041 1725 1998 2212 2172 3238 2831 2164 2901 2284 2397
5903 5829 5056 4547 4557 4955 4180 3556 3884 2864 2824 2250 2330 2350 0 3950 1740 1108 772 2880 1701 1450 1650 4780 4197 2931 4270 2470 2010
8436 8368 5441 5802 6341 7490 4734 5175 4088 5889 5915 4583 3350 2073 3950 0 2221 2897 3324 1275 2651 3018 2837 1244 1088 1642 1129 2252 2773
6963 6890 4990 4883 5174 5989 4116 4005 3600 4089 4087 2980 2171 1203 1740 2221 0 683 1116 1173 796 1040 974 3063 2504 1367 2578 1207 1201
6694 6620 5150 4886 5071 5724 4261 3946 3818 3722 3704 2777 2274 1670 1108 2897 683 0 433 1776 705 663 756 3674 3089 1834 3162 1438 1120
6576 6501 5316 4959 5074 5615 4425 3992 4029 3560 3530 2753 2458 2041 772 3324 1116 433 0 2174 929 698 885 4064 3468 2177 3540 1698 1252
8009 7938 5595 5695 6094 7039 4775 4906 4180 5217 5221 4031 3007 1725 2880 1275 1173 1776 2174 0 1400 1770 1577 1900 1331 510 1405 1002 1498
7398 7324 5726 5536 5754 6429 4843 4615 4356 4421 4401 3474 2866 1998 1701 2651 796 705 929 1400 0 371 198 3222 2610 1285 2679 769 440
7266 7192 5810 5545 5711 6302 4921 4599 4468 4256 4227 3402 2934 2212 1450 3018 1040 663 698 1770 371 0 220 3583 2969 1638 3037 1070 560
7425 7351 5857 5634 5827 6458 4971 4700 4497 4428 4402 3530 2987 2172 1650 2837 974 756 885 1577 198 220 0 3370 2754 1422 2822 851 374
9639 9570 6675 7044 7572 8685 5977 6400 5330 7000 7016 5733 4547 3238 4780 1244 3063 3674 4064 1900 3222 3583 3370 0 620 1951 559 2580 3173
9229 9159 6465 6740 7220 8267 5719 6037 5083 6513 6523 5282 4153 2831 4197 1088 2504 3089 3468 1331 2610 2969 2754 620 0 1333 75 1960 2553
8320 8248 6060 6110 6471 7347 5227 5287 4645 5455 5450 4334 3399 2164 2931 1642 1367 1834 2177 510 1285 1638 1422 1951 1333 0 1400 648 1230
9301 9230 6522 6804 7288 8338 5780 6105 5143 6587 6597 5354 4222 2901 4270 1129 2578 3162 3540 1405 2679 3037 2822 559 75 1400 0 2024 2616
8102 8029 6164 6090 6373 7130 5301 5209 4761 5156 5140 4142 3375 2284 2470 2252 1207 1438 1698 1002 769 1070 851 2580 1960 648 2024 0 593
7799 7724 6163 5976 6186 6832 5281 5051 4787 4801 4776 3897 3306 2397 2010 2773 1201 1120 1252 1498 440 560 374 3173 2553 1230 2616 593 0
